http://www.dgjy.net/newsInfo.aspx?pkId=10415

2014年东莞市新莞人子女积分制入学学位供给情况公布

来源：发表时间：2014-05-05访问次数：7839

为了更好解决新莞人子女接受义务教育问题，今年，我市继续将新莞人子女就学工程纳入市政府“十件实事”，鼓励镇街要进一步挖掘公办学位潜力，增加公办学位供给。根据《关于印发〈东莞市新莞人子女接受义务教育实施办法〉的通知》（东府〔2012〕67号）要求，目前，全市积分制入学学位统计工作已如期完成。

从各镇街公布的学位情况来看，今年学位供给继续呈增加趋势。据统计，今年全市义务教育阶段共为新莞人子女提供25119个积分学位（含优惠政策），比去年增加了2622个学位，增幅11.65%，超额完成了市政府“十件实事”提出的任务目标。其中小学一年级提供14547个学位，初中一年级提供8248个学位，非起始年级提供2324个学位。各镇（街）具体提供学位的学校名单、性质和学位数由当地教育部门分别向社会公布，申请人可以向当地的教育部门或新莞人服务管理中心咨询。

学位供给情况公布后，前期已向新莞人服务管理中心递交申请的新莞人家长可登陆http://dgxgr.dg.gov.cn网站或前往新莞人服务管理中心补填或修改志愿。2014年积分制入学工作将于2014年6月20日结束，请符合申请条件但未递交申请材料的新莞人家长尽快准备好申请材料，在规定时间内到受理点一次性提交，逾期不再受理。有关政策文件、申办指引以及申请表格可在当地新莞人服务管理中心领取，也可在东莞市教育网http://www.dgjy.net“新莞人入学”专栏下载。



欢迎访问东莞教育局官网！ 今天是：2014年05月05日 星期一 | 登录 | 简体版 | 繁体版

    网站首页|
    教育资讯|
    教育概况|
    信息公开|
    学前教育|
    基础教育|
    民办教育|
    职业与成人教育

    教育督导|
    人事管理|
    招生考试|
    学校网站|
    社情民意|
    研究评估|
    教育杂志|
    局办公系统

您目前的位置：首页>教育资讯>正文
字体大小： 大 中 小

2013年东莞市新莞人子女积分制入学学位供给情况公布

来源：发表时间：2013-04-27访问次数：8541

 

为了更好解决新莞人子女接受义务教育问题，今年，我市继续将新莞人子女就学工程纳入市政府“十件实事”，鼓励镇街要进一步挖掘公办学位潜力，增加公办学位供给。根据《关于印发〈东莞市新莞人子女接受义务教育实施办法〉的通知》（东府〔2012〕67号）要求，目前，全市积分制入学学位统计工作已如期完成。

从各镇街公布的学位情况来看，今年学位供给继续呈增加趋势。据统计，今年全市义务教育阶段公办学校起始年级将为新莞人子女提供22497个学位（含非起始年级），比去年增加了2276个学位，增幅11.3%。其中小学一年级提供13518个学位，初中一年级提供6867个学位，非起始年级提供2112个学位。各镇（街）具体提供学位的学校名单和学位数由当地教育部门分别向社会公布，申请人可以向当地的教育部门或新莞人服务管理中心咨询。

学位供给情况公布后，前期已向新莞人服务管理中心递交申请的新莞人家长可登陆http://dgxgr.dg.gov.cn网站或前往新莞人服务管理中心补填志愿。2013年积分制入学工作将于2013年5月31日结束，请符合申请条件但未递交申请材料的新莞人家长尽快准备好申请材料，在规定时间内到受理点一次性提交，逾期不再受理。有关政策文件、申办指引以及申请表格可在当地新莞人服务管理中心领取，也可在东莞市教育网http://www.dgjy.net“新莞人入学”专栏下载。

 

二〇一三年四月二十六日

 

2013年各镇街起始年级招收新莞人子女学位数

 

 

序号
	

镇（街）
	

小学一年级
	

初中一年级

总学位数
	

其中
	

总学位数
	

其中

积分制
	

优惠政策（含企业人才子女）
	

积分制
	

优惠政策（含企业人才子女）

1
	

莞城
	

313
	

100
	

213
	

105
	

105
	

纳入电脑派位

2
	

石龙
	

442
	

335
	

107
	

457
	

325
	

132

3
	

虎门
	

1062
	

700
	

362
	

510
	

400
	

110

4
	

东城
	

325
	

275
	

50
	

160
	

130
	

30

5
	

万江
	

270
	

100
	

170
	

150
	

60
	

90

6
	

南城
	

250
	

150
	

100
	

123
	

30
	

93

7
	

中堂
	

471
	

125
	

346
	

338
	

145
	

193

8
	

望牛墩
	

376
	

305
	

71
	

255
	

170
	

85

9
	

麻涌
	

386
	

300
	

86
	

171
	

145
	

26

10
	

石碣
	

298
	

213
	

85
	

295
	

151
	

144

11
	

高埗
	

366
	

185
	

181
	

213
	

90
	

123

12
	

道滘
	

344
	

260
	

84
	

349
	

290
	

59

13
	

洪梅
	

230
	

170
	

60
	

140
	

100
	

40

14
	

长安
	

676
	

420
	

256
	

133
	

63
	

70

15
	

沙田
	

344
	

150
	

194
	

215
	

100
	

115

16
	

厚街
	

814
	

341
	

473
	

338
	

131
	

207

17
	

寮步
	

652
	

365
	

287
	

246
	

136
	

110

18
	

大岭山
	

370
	

263
	

107
	

318
	

231
	

87

19
	

大朗
	

700
	

495
	

205
	

165
	

105
	

60

20
	

黄江
	

302
	

212
	

90
	

90
	

35
	

55

21
	

樟木头
	

260
	

160
	

100
	

290
	

160
	

130

22
	

凤岗
	

368
	

268
	

100
	

120
	

80
	

40

23
	

塘厦
	

507
	

360
	

147
	

125
	

70
	

55

24
	

谢岗
	

316
	

126
	

190
	

110
	

45
	

65

25
	

清溪
	

360
	

310
	

50
	

223
	

163
	

60

26
	

常平
	

504
	

385
	

119
	

270
	

110
	

160

27
	

桥头
	

441
	

263
	

178
	

147
	

87
	

60

28
	

横沥
	

310
	

202
	

108
	

161
	

110
	

51

29
	

东坑
	

390
	

245
	

145
	

113
	

80
	

33

30
	

企石
	

356
	

150
	

206
	

185
	

100
	

85

31
	

石排
	

370
	

180
	

190
	

155
	

80
	

75

32
	

茶山
	

345
	

180
	

165
	

197
	

68
	

129

合计
	

13518
	

8293
	

5225
	

6867
	

4095
	

2772
 

2013年各镇街非起始年级招收新莞人子女学位数

 

 

序号
	

镇（街）
	

二年级
	

三年级
	

四年级
	

五年级
	

六年级
	

八年级
	

接收学校
性质

1
	

莞城
	

10
	

10
	

8
	

3
	

3
	

10
	

公办

2
	

石龙
	

14
	

31
	

3
	

31
	

8
	

5
	

公办

3
	

虎门
	

45
	

36
	

28
	

20
	

15
	

13
	

公办

4
	

东城
	

6
	

6
	

6
	

6
	

6
	

15
	

公办

5
	

万江
	

4
	

4
	

6
	

8
	

8
	

4
	

公办

6
	

南城
	

3
	

3
	

3
	

3
	

3
	

3
	

公办

7
	

中堂
	

10
	

10
	

10
	

8
	

8
	

50
	

公办

8
	

望牛墩
	

12
	

16
	

13
	

13
	

17
	

3
	

公办

9
	

麻涌
	

16
	

14
	

12
	

7
	

7
	

10
	

公办

10
	

石碣
	

3
	

3
	

6
	

4
	

30
	

9
	

公办

11
	

高埗
	

3
	

4
	

18
	

5
	

5
	

22
	

公办

12
	

道滘
	

10
	

8
	

10
	

8
	

9
	

10
	

公办、民办

13
	

洪梅
	

16
	

16
	

16
	

16
	

16
	

20
	

公办

14
	

长安
	

5
	

5
	

5
	

10
	

36
	

3
	

公办

15
	

沙田
	

3
	

3
	

4
	

12
	

13
	

25
	

公办

16
	

厚街
	

16
	

16
	

20
	

20
	

10
	

35
	

公办

17
	

寮步
	

3
	

3
	

4
	

24
	

30
	

3
	

公办

18
	

大岭山
	

10
	

10
	

10
	

10
	

10
	

10
	

民办

19
	

大朗
	

50
	

8
	

3
	

6
	

8
	

3
	

公办

20
	

黄江
	

8
	

3
	

3
	

5
	

15
	

3
	

公办

21
	

樟木头
	

3
	

3
	

4
	

8
	

8
	

40
	

公办

22
	

凤岗
	

13
	

3
	

3
	

19
	

8
	

3
	

公办

23
	

塘厦
	

12
	

10
	

8
	

5
	

3
	

5
	

民办

24
	

谢岗
	

3
	

3
	

3
	

10
	

10
	

9
	

公办

25
	

清溪
	

3
	

3
	

3
	

10
	

20
	

22
	

公办

26
	

常平
	

3
	

3
	

5
	

12
	

25
	

15
	

公办

27
	

桥头
	

15
	

30
	

3
	

3
	

3
	

15
	

公办

28
	

横沥
	

3
	

3
	

3
	

32
	

37
	

10
	

公办

29
	

东坑
	

20
	

6
	

6
	

18
	

25
	

5
	

公办

30
	

企石
	

12
	

6
	

27
	

3
	

3
	

3
	

公办

31
	

石排
	

18
	

13
	

13
	

11
	

10
	

10
	

公办

32
	

茶山
	

6
	

3
	

7
	

11
	

3
	

20
	

公办

合计
	

358
	

295
	

273
	

361
	

412
	

413
	

2112
 

 

 

 
上一条：市教育局召开全市普通中小学骨干教师队伍建设工作会议下一条：我局举办东莞市中小学心理健康教育专题培训
分享到：0

Copyright 2014-2020 www.dgjy.net All Rights Reserved



欢迎关注东莞教育网 

版权所有：广东省东莞市教育局

地址：东莞市南城三元路8号东莞报业大厦9楼 邮编：523000 电话：(0769)23126198

技术维护：东莞市教育信息中心   网络问题与建议：(0769) 22697305

粤ICP备10033642号 公安备案编号：4419003012779
 欢迎关注东莞教育网
 
